%chk=4_Thiouracil-Water.chk
%nproc=8
%mem=20GB
# opt(ModRedundant) freq mp2/cc-pVTZ nosymm

Optimization

0 1 0 1 0 1 
S(Fragment=1)      2.44888      1.94648     -0.02362
O(Fragment=1)     -2.37113      0.82575      0.01326
N(Fragment=1)     -0.10045      1.20367     -0.00453
N(Fragment=1)     -0.92928     -0.96285      0.00650
C(Fragment=1)     -1.23472      0.39840      0.00541
C(Fragment=1)      1.23002      0.80875     -0.01239
C(Fragment=1)      1.42431     -0.61840     -0.01239
C(Fragment=1)      0.35288     -1.45027     -0.00212
H(Fragment=1)     -0.28669      2.20127     -0.00993
H(Fragment=1)     -1.73134     -1.57906      0.01435
H(Fragment=1)      2.43291     -1.00711     -0.01877
H(Fragment=1)      0.44586     -2.53063     -0.00008
O(Fragment=2)      5.86410      1.62843     -0.04064
H(Fragment=2)      5.28972      1.62671      0.74035
H(Fragment=2)      5.22244      1.49235     -0.75460



