%chk=Acetonitrile-Water.chk
%nproc=8
%mem=20GB
# opt(ModRedundant) freq mp2/cc-pVTZ nosymm

Optimization

0 1 0 1 0 1 
N(Fragment=1)      0.33902     -0.46076      1.37042
C(Fragment=1)     -1.01022      0.67714     -0.57275
C(Fragment=1)     -0.26396      0.02166      0.49169
H(Fragment=1)     -2.02406      0.28825     -0.61146
H(Fragment=1)     -0.52566      0.50456     -1.52988
H(Fragment=1)     -1.03587      1.74311     -0.36073
O(Fragment=2)      0.01616      2.71786      1.86886
H(Fragment=2)      0.24292      1.82804      2.15772
H(Fragment=2)      0.85008      3.18974      1.91771



